41.0315 3186082.5885
42.0344 840303.0113
43.0344 4463342.0746
44.0390 1280526.7224
45.0094 3799296.7046
46.0163 401014.7782
46.9869 4117259.9223
48.0198 243364.3450
48.9914 196750.8331
51.0341 139433.7799
52.0200 412694.1366
53.0164 718116.1320
55.0463 10978617.4337
56.0725 4845499.5000
57.0619 1173632.7007
58.0290 2572648.7851
59.0348 5026462.8924
60.0346 1167665.4826
61.0132 6822987.1374
62.0192 510331.2126
63.0093 394382.3740
66.0466 111234.5458
67.0445 741654.1168
68.0606 110246.1746
69.0501 2654518.5130
70.0718 345223.8301
71.0247 562222.2376
72.0225 1983532.5974
73.0503 51168976.4182
74.0787 3402400.2048
75.0291 104071097.9468
76.0629 7501324.8663
77.0255 8629723.9653
78.0663 906077.6965
80.0510 116391.5619
81.0474 354496.7764
83.0794 28979897.5534
84.1130 2857503.7693
85.0634 1593503.8634
87.0158 4310001.2654
89.0383 26910124.1561
90.0750 2594096.4452
91.0512 3322014.6188
92.0840 281546.4527
93.0534 159123.2214
95.0593 543443.2633
97.0335 183494.7339
99.0274 926563.3713
100.0482 120594.8943
101.0109 8006701.8051
103.0440 39348276.4979
104.0706 2191061.8604
105.0512 1578293.7078
107.0422 275688.2212
108.0317 143361.0260
108.9761 106258.7045
113.0185 654396.1648
115.0072 1172415.7822
116.1002 630899.3731
117.0282 186886.9148
118.0997 368783.8959
119.0294 423024.5122
120.0559 187357.8027
127.0420 125678.8593
129.0349 1068660.0023
130.0702 316193.2860
131.0594 1440747.6016
132.0508 183476.0853
134.0450 2059758.9549
135.0540 279876.4368
140.0225 372777.6563
143.0164 1294924.1884
144.0710 157137.1094
145.0548 480556.1685
148.0785 215191.7423
149.0514 108660.5591
155.0460 118237.9581
157.0880 429473.0466
159.1096 105757269.1904
160.1533 13975876.7162
161.1102 734795.3462
162.1458 499904.3294
173.1073 179275.7097
174.0579 698230.2848
175.0326 639220.1439
177.0423 316010.0881
184.0125 471629.2251
185.0891 222438.7794
188.9918 521459.9872
190.0603 438842.0806
191.0374 1294207.5848
192.0302 188109.3297
193.0136 236212.2941
205.0208 504770.6669
206.0802 219637.8106
207.0265 528967.7697
214.0163 874447.4713
221.0458 25466286.6153
223.0748 1137386.5564
224.0892 271304.2127
225.0480 205544.3438
229.0276 286634.5000
263.1021 666346.3091
265.1344 749805.5000