41.0225 143506.4315
43.9951 615189.2757
44.9862 6679920.5000
46.0009 328027.6854
46.9769 701709.9936
51.0137 118906.9444
53.0102 255726.3804
55.0313 158335.3961
57.0413 234279.7079
58.0112 172717.6203
58.9986 1867421.8435
61.0103 126586.1398
65.0205 350816.6799
66.0346 369218.8442
67.0184 187003.7169
70.0177 205748.4292
71.0518 156387.8051
73.0251 107336552.0000
74.0643 4592681.6498
75.0425 7975691.4064
76.0471 180796.0568
77.0239 893105.5037
78.0413 325091.4528
79.0481 352275.2627
81.0276 407612.7803
83.0395 256319.8564
85.0483 363826.0000
89.0220 335527.0627
91.0587 732764.7485
92.0713 266507.2808
93.0378 1280172.3750
95.0297 415337.9386
96.0602 111332.1263
98.0516 148003.4531
101.0089 806066.1875
102.0288 157338.0029
103.0311 2403422.7500
104.0763 248857.2147
105.0532 503613.0812
106.0712 128597.4141
109.0467 318202.7618
111.0292 415656.5231
116.0264 134166.7549
117.0415 682180.0698
118.0690 140420.6679
119.0291 134703.7301
121.0226 306142.6792
129.0467 623241.1467
131.0124 1544431.1702
132.0205 188191.9442
133.0227 943992.4588
134.0843 747032.8125
135.0663 553796.1939
137.0255 273058.0938
139.0450 342000.5000
141.0457 1183036.3550
145.0335 127842.4252
147.0324 24061706.0000
148.0777 3576591.5000
149.0459 2691881.7500
150.0950 186227.3027
151.0230 1153452.8750
152.0617 225627.0313
153.0755 179019.7682
155.0785 134490.2323
156.0700 150853.3582
163.0371 166791.6150
165.0572 551027.1875
166.0742 298081.5938
167.0428 1227191.0000
169.0155 196376.3707
179.0393 181731.2173
180.0678 465386.8432
181.0484 656482.0475
182.0993 335835.4063
183.0625 142731.1312
189.0632 6863760.0000
190.0999 1148099.1595
191.0591 2388576.8970
192.1094 422424.5313
193.0683 1222448.2258
195.0382 691873.1250
204.0689 74119848.0000
205.1408 4620958.8194
206.1397 1199224.1731
207.1003 998511.8413
209.0819 158141.3498
215.0881 164439.1143
217.0733 332492.4113
221.0720 1184057.7500
222.0971 204404.6446
223.0878 332757.9204
225.0527 132723.5679
239.1066 273372.2908
241.1018 344750.4063
243.0672 562246.0153
253.1050 219250.5546
255.1296 2964404.0193
256.1564 490061.7137
257.1135 277640.7283
258.1318 305449.4688
265.1050 214751.4415
267.0821 1197711.0000
269.1217 114178.2041
282.1013 2538925.7500
283.1161 1088157.1920
312.1196 214679.8256
331.1046 209122.0680
332.1729 198253.7928
333.1733 139570.3387
342.1521 129294.4490
343.1561 108626.5953
355.1041 276601.3238
356.1106 528769.6357
357.1257 1592798.3399
358.1624 879133.5574
372.1350 2339269.1389
373.1928 344387.3640
374.1852 383111.7813
447.1619 378103.3125
462.1583 297836.9228